Treatment	Week	NND	Time in School	Bearing	Elevation	Speed
Gentamycin	-1	0.57416	95	102.7958	-9.7755	2.561073232
Gentamycin	-1	0.501053333	92	53.7079	-4.2043	2.847107204
Gentamycin	-1	0.061653333	100	33.6143	61.8978	0.328392853
Gentamycin	-1	0.141146667	100	24.4592	-52.8579	0.222897237
Gentamycin	-1	0.164253333	100	81.6601	-74.012	0.270351449
Gentamycin	-1	0.14204	100	37.1152	-57.6353	0.596982399
Gentamycin	-1	0.11824	100	118.5445	-33.8843	0.620030194
Gentamycin	-1	0.158293333	100	2.1549	30.6553	0.48256993
Gentamycin	-1	0.17392	100	49.3814	40.7696	0.271099291
Gentamycin	-1	0.05404	100	171.1364	-0.1479	0.514572005
Gentamycin	-1	0.08052	100	39.786	5.6317	0.636762046
Gentamycin	-1	0.212146667	100	23.3073	41.0676	0.830708056
Gentamycin	-1	0.071226667	100	157.0333	-20.6445	0.245905195
Gentamycin	-1	0.1426	100	0.9663	-65.3019	0.167729897
Gentamycin	-1	0.10384	100	18.078	-11.3045	0.718080986
Gentamycin	-1	0.093906667	100	39.8511	-12.1868	0.678341221
Gentamycin	0	0.440946667	100	158.6991	-8.9383	2.761546628
Gentamycin	0	0.510693333	100	63.8732	23.0674	1.599523706
Gentamycin	0	0.93232	100	56.3428	6.9003	6.602434728
Gentamycin	0	0.470106667	100	48.6747	0.9495	1.694919002
Gentamycin	0	0.324693333	90	58.0694	-15.7576	0.675449464
Gentamycin	0	0.729066667	91	2.8977	20.5174	2.260057798
Gentamycin	0	0.408853333	100	144.2617	-8.8288	1.665742849
Gentamycin	0	0.443746667	41	22.455	16.7438	1.367168854
Gentamycin	0	0.54088	92	40.7635	26.1693	2.275354809
Gentamycin	0	0.603626667	100	76.1028	-9.9001	3.582014527
Gentamycin	0	0.783733333	92	141.2492	-0.3355	3.325792711
Gentamycin	0	0.451546667	77	95.6275	8.6154	2.589645768
Gentamycin	0	1.56716	56	136.2178	-16.3446	6.113253571
Gentamycin	0	3.72112	100	109.5144	7.0344	3.018868412
Gentamycin	0	0.360733333	53	96.5337	-13.1746	1.800841579
Gentamycin	0	0.9166	41	120.0895	1.5034	7.01051148
Gentamycin	0	0.951266667	100	110.8806	-5.507	3.064764121
Gentamycin	0	0.598933333	92	71.6671	-28.0533	3.059619471
Gentamycin	0	0.82408	38	51.4453	24.4335	1.916415029
Gentamycin	0	0.89032	100	90.1195	-24.5233	2.111841208
Gentamycin	0	0.611426667	96	53.3294	-6.0491	2.104783331
Gentamycin	0	0.923266667	100	54.7974	-29.1729	2.730926694
Gentamycin	0	0.817653333	100	108.6724	-10.7589	2.042653593
Gentamycin	0	0.864293333	99	165.4011	27.9055	2.6777556
Gentamycin	0	0.788973333	100	9.7649	3.5328	2.459754764
Gentamycin	0	0.900386667	75	94.4463	-35.2746	3.16720255
Gentamycin	1	0.869693333	53	129.9642	-5.6913	2.571925926
Gentamycin	1	1.748106667	52	0.1413	-7.7015	4.642471968
Gentamycin	1	0.893693333	3	21.2264	-33.8087	4.946725122
Gentamycin	1	1.12536	22	5.485	14.6163	3.649152457
Gentamycin	1	0.73156	100	88.3797	30.9205	2.574615657
Gentamycin	1	0.842013333	96	71.1239	9.7105	3.800476907
Gentamycin	1	1.911466667	2	96.8699	-45.3138	2.487164264
Gentamycin	1	1.29796	29	48.8189	0.153	2.089614871
Gentamycin	1	0.756613333	60	55.187	31.4358	3.646507656
Gentamycin	1	0.780493333	37	49.0542	-9.5413	2.908936398
Gentamycin	1	0.882253333	29	28.9668	5.3794	3.692712498
Gentamycin	1	0.855786667	93	70.7144	-31.2703	3.458779243
Gentamycin	1	0.824853333	100	35.7795	14.3281	2.764355097
Gentamycin	1	1.04392	29	102.3419	-40.6126	1.522712005
Gentamycin	1	0.91104	64	116.9357	-1.5371	2.686606916
Gentamycin	1	1.050893333	44	119.0554	20.2033	2.405248519
Gentamycin	1	0.979933333	79	16.0632	-44.687	2.684061335
Gentamycin	1	1.84564	0	89.9574	41.8403	3.715900164
Gentamycin	1	0.875746667	100	16.4317	2.0818	3.371151124
Gentamycin	1	0.820746667	100	51.4711	-14.3485	3.81462307
Gentamycin	2	0.943386667	70	137.3053	14.3269	6.617440801
Gentamycin	2	0.52828	100	55.7024	-7.252	2.062062349
Gentamycin	2	4.010613333	17	90.8454	-11.4962	17.27142836
Gentamycin	2	0.872013333	90	90.8111	26.0077	3.910002718
Gentamycin	2	1.37796	74	177.5747	0.6252	14.38027537
Gentamycin	2	1.873133333	72	129.0867	-5.9063	44.17099281
Gentamycin	2	1.95684	45	66.8493	18.0716	8.194609388
Gentamycin	2	3.305333333	36	151.473	26.9841	15.41600854
Gentamycin	2	0.525466667	100	144.1871	-5.6229	1.945123313
Gentamycin	2	2.515186667	51	81.3648	37.7013	10.08268477
Gentamycin	2	0.8274	82	85.1474	17.0892	2.524640568
Gentamycin	2	1.0292	62	36.3221	9.9636	4.972605941
Gentamycin	2	1.249906667	66	65.6878	-7.9859	2.670935948
Gentamycin	2	0.51224	100	67.2195	1.8384	1.602713027
Gentamycin	2	0.47564	93	122.7309	-0.6735	1.69520951
Gentamycin	2	0.069986667	100	177.5982	9.5035	0.429380805
Gentamycin	2	0.023946667	100	155.7937	12.7869	0.347354187
Gentamycin	2	1.11176	51	98.5521	-22.8458	2.982994627
Gentamycin	2	1.361586667	62	22.9794	30.3076	4.579478241
Gentamycin	2	0.082	100	26.9403	23.4623	0.234262841
Gentamycin	2	1.145026667	3	124.6545	34.5258	5.209758855
Gentamycin	2	1.613226667	58	61.5178	-19.0668	2.865046794
Gentamycin	2	2.148453333	0	55.6718	-18.7607	4.241330353
Gentamycin	2	4.141986667	0	47.5712	-21.5986	2.772774878
Gentamycin	2	4.015946667	33	36.9105	-31.4325	4.024375838
Gentamycin	4	0.402611111	79	115.9464	78.6613	2.050180137
Gentamycin	4	0.220388889	83	116.1017	-69.1513	1.908030557
Gentamycin	4	0.065477778	100	41.3061	70.3551	0.226361207
Gentamycin	4	0.152377778	91	38.1071	18.1175	1.353045207
Gentamycin	4	0.015488889	100	128.5823	53.5943	0.291367868
Gentamycin	4	0.840696333	72	15.3526	49.6795	1.560567184
Gentamycin	4	0.351183556	80	61.152	-26.26	8.427110687
Gentamycin	4	0.527155556	87	94.6204	-17.7124	6.037069617
Gentamycin	4	1.376268556	100	36.2307	44.2517	3.852697726
Gentamycin	4	0.128219333	77	75.1088	53.266	2.013342541
Gentamycin	4	0.111544444	100	117.5452	-71.8112	0.557101882
Gentamycin	4	0.128364667	82	130.7077	-17.3924	2.455136011
Gentamycin	4	0.068783222	90	70.3892	-24.7513	5.909743052
Gentamycin	4	0.281977778	77	158.0945	75.1102	0.654893326
Gentamycin	4	0.800248333	100	96.823	6.3316	2.655120133
Gentamycin	4	0.277511111	88	161.1796	37.9195	1.52718314
Gentamycin	4	0.030325556	100	46.3179	-20.2683	2.304507645
Gentamycin	4	0.087640889	94	152.6912	-58.0637	3.982402223
Gentamycin	4	0.090811889	93	139.4561	5.7604	8.302124942
Gentamycin	4	0.440411111	100	136.2215	34.716	7.938295165
Gentamycin	4	0.123923111	95	63.3733	-44.0683	8.64805254
Gentamycin	4	7.1083	100	59.822	-64.7398	4.281558479
Gentamycin	4	0.060511111	100	79.2234	-16.4913	0.177966078
Gentamycin	4	0.511968111	92	46.4147	12.1498	2.185840808
Gentamycin	4	0.094991556	100	159.8218	-63.0356	3.971608144
Gentamycin	4	0.012488889	100	139.2437	83.9836	0.275279579
Gentamycin	8	0.968285714	93	105.0924	33.8831	1.920403775
Gentamycin	8	0.723714286	100	66.5576	16.0283	1.904490447
Gentamycin	8	1.045257143	85	156.7378	-35.5775	3.693618257
Gentamycin	8	1.024685714	40	30.3857	-42.5311	1.885072827
Gentamycin	8	0.877333333	100	139.602	19.9416	5.266266479
Gentamycin	8	0.964628571	100	9.8133	-7.509	4.165790368
Gentamycin	8	0.87732381	89	61.8889	-2.0643	2.306929523
Gentamycin	8	0.793361905	76	149.1517	42.4296	4.480905595
Gentamycin	8	1.012009524	82	74.7766	12.7675	2.786113544
Gentamycin	8	1.090333333	63	71.6768	48.1227	2.690502874
Gentamycin	8	2.169514286	69	164.3221	9.1261	4.18924269
Gentamycin	8	0.899695238	65	162.598	35.4537	4.443841569
Gentamycin	8	0.803609524	92	39.9483	-16.3997	2.011630115
Gentamycin	8	0.956009524	100	28.8279	16.8641	2.782985044
Gentamycin	8	0.735571429	100	90.4899	5.5048	1.846407014
Gentamycin	8	1.17667619	100	7.4418	-20.5825	2.166891666
Gentamycin	8	0.586933333	100	1.7988	-17.9355	2.116277307
Gentamycin	8	0.862371429	98	46.3154	49.0302	3.629170057
Gentamycin	8	0.785209524	98	52.2737	-45.2287	2.476384526
Gentamycin	8	0.880095238	100	21.6061	9.9169	1.917838998
Gentamycin	8	0.9	76	105.1318	-0.3938	4.369409616
Gentamycin	8	0.973361905	100	76.8547	-8.8911	2.322562104
Gentamycin	8	0.920952381	91	37.6017	-45.6711	2.523564001
Gentamycin	8	0.136742857	100	50.5434	8.5466	0.571066024
Gentamycin	8	1.29112381	58	155.5988	23.13	1.736452952
Gentamycin	8	1.624752381	50	56.6101	-5.7393	1.63690989
Gentamycin	8	1.908657143	64	49.7078	9.9624	1.494464255
Gentamycin	8	1.227961905	34	144.0865	-12.399	6.696994812
Gentamycin	8	0.251704762	100	30.4717	8.7993	0.599707384
Gentamycin	8	0.746314286	82	40.3632	49.4587	8.57649271
Gentamycin	8	1.18347619	73	54.4987	38.9224	0.867634493
Gentamycin	8	0.938533333	100	164.573	-11.125	5.178795403
Gentamycin	8	1.057571429	69	77.9029	4.4422	5.569999503
Sham	-1	0.35173	100	154.046	-2.5879	1.148386852
Sham	-1	0.14447	100	22.8878	12.07	1.266884894
Sham	-1	0.60198	100	92.1911	41.4165	2.913596957
Sham	-1	0.64507	100	179.5001	71.4206	1.68156667
Sham	-1	0.22784	100	176.1827	-20.471	1.452001919
Sham	-1	0.34419	100	156.974	-23.163	0.596296064
Sham	-1	0.11276	100	176.1918	-48.1074	0.555059191
Sham	-1	0.2277	100	151.7906	-40.8046	0.878174055
Sham	-1	0.13658	100	15.8078	-10.5314	0.638100115
Sham	-1	0.26537	100	130.8587	-6.966	0.634605735
Sham	-1	0.17319	100	82.2875	-26.4906	0.647651145
Sham	-1	0.17662	100	136.1776	-40.9881	0.48711597
Sham	-1	0.17338	100	45.6323	-4.2293	1.254164534
Sham	-1	0.13715	100	104.5723	22.022	1.193724286
Sham	-1	0.96924	100	44.7218	55.5768	3.726464893
Sham	-1	0.296	100	17.064	10.7198	1.26255759
Sham	-1	0.15275	100	148.8515	-3.4571	1.605689854
Sham	-1	0.27902	100	70.8169	6.1327	0.707708415
Sham	-1	0.19523	100	171.27	49.7858	0.738399009
Sham	-1	0.66833	100	150.4321	27.4914	1.467296113
Sham	-1	0.11937	100	106.0023	-11.1462	0.757168247
Sham	-1	0.14743	100	21.6225	37.7817	0.759978704
Sham	-1	0.08746	100	147.5811	-14.6265	0.721326654
Sham	-1	0.1457	100	41.1842	19.6771	0.516184478
Sham	-1	1.16159	65	46.0636	-7.9114	0.753738455
Sham	0	0.49315	100	39.6836	43.4948	3.250911786
Sham	0	1.21158	42	114.3235	57.7528	3.199368237
Sham	0	0.32287	100	172.2412	-54.4753	0.955921672
Sham	0	0.52027	100	85.4631	9.4301	8.049392683
Sham	0	0.28743	100	108.7451	-5.135	1.420304198
Sham	0	0.51502	100	46.6373	4.5986	2.012280982
Sham	0	0.25097	100	76.2337	1.0722	1.93229141
Sham	0	0.93492	97	30.4587	7.7719	0.502094627
Sham	0	0.25985	100	87.9719	33.8622	0.879553063
Sham	0	0.25867	100	142.6139	-7.0369	0.679348938
Sham	0	0.31515	100	98.1575	-4.8979	0.68457425
Sham	0	0.46555	100	159.2666	-48.0899	0.650633903
Sham	0	0.39458	100	143.8543	-33.4755	0.533095573
Sham	0	0.154959	100	159.0095	-71.1791	1.17768476
Sham	0	0.71029	100	25.1094	40.6127	0.595671025
Sham	0	0.6878	100	83.5745	51.3969	2.103843125
Sham	0	0.25846	100	14.2333	4.3948	0.916872676
Sham	0	0.34478	100	119.2991	17.2548	1.525910633
Sham	0	0.47253	100	159.7454	-3.9161	2.543215992
Sham	0	0.70296	100	63.7844	-11.3071	0.710404633
Sham	0	0.95279	28	27.6227	-15.3731	1.232662311
Sham	0	0.68225	100	13.6876	1.0548	0.530314869
Sham	0	0.79234	31	104.7906	-58.0927	0.528852873
Sham	0	0.218799	40	73.3126	37.8007	0.66693118
Sham	0	0.560113	96	64.3344	2.9037	0.705365778
Sham	1	0.290213	30	134.6047	7.0266	1.846959325
Sham	1	0.306822	100	176.5695	46.386	1.932806668
Sham	1	0.523726	99	105.9471	37.142	3.37280566
Sham	1	0.203231	100	147.7773	53.5881	2.937492467
Sham	1	0.342163	30	87.3662	-1.5838	2.100614782
Sham	1	0.221944	90	158.8821	25.2368	0.962020472
Sham	1	0.508253	80	13.4688	0.5159	3.041853222
Sham	1	0.148998	65	131.6535	43.4175	1.516841491
Sham	1	0.179143	66	100.4921	0.2434	1.925130786
Sham	1	0.18363	10	72.3591	-35.1806	1.22336891
Sham	1	0.560569	100	15.3309	-7.4798	1.908616733
Sham	1	0.155768	100	35.4546	-21.2749	2.561872459
Sham	1	0.198513	100	65.8891	5.7476	1.58308096
Sham	1	0.279926	100	1.2962	22.2513	0.912855006
Sham	1	0.413956	100	102.4886	-29.0391	4.833120019
Sham	1	0.422687	27	84.8132	31.1719	1.617837534
Sham	1	0.409858	100	37.9656	-55.9719	0.920795264
Sham	1	0.265924	100	5.613	-64.1287	0.589732908
Sham	1	0.300212	100	122.7016	-27.5392	2.482693906
Sham	1	0.25846	100	31.4098	-41.1633	1.014036448
Sham	1	0.34478	100	22.1159	6.9454	0.140433228
Sham	1	0.47253	100	29.8467	-23.2484	0.053134198
Sham	1	0.70296	65	32.4174	-1.2895	0.074240101
Sham	1	0.49344	100	19.9215	17.0111	0.066587973
Sham	1	0.89323	100	172.9482	5.2198	0.054821901
Sham	2	0.51386	100	42.0423	15.0407	2.415054166
Sham	2	0.63155	100	137.4953	2.637	1.71598939
Sham	2	0.67264	100	67.9974	1.2662	2.608973338
Sham	2	0.51125	100	30.3634	14.5862	1.982451808
Sham	2	0.67269	100	30.3646	7.6115	1.866710258
Sham	2	0.89593	100	56.9681	-39.9291	2.063428395
Sham	2	0.64053	100	97.9634	2.133	1.798609979
Sham	2	0.69137	100	176.6821	11.5056	2.395451773
Sham	2	0.34847	100	173.3642	-38.0274	1.95895572
Sham	2	0.68877	100	71.3871	-17.5866	1.505761406
Sham	2	0.52335	100	110.3221	-29.4879	2.407381217
Sham	2	0.70405	100	5.0799	4.0809	1.740617935
Sham	2	0.50521	100	83.1047	23.6505	2.474453428
Sham	2	0.38465	100	173.2916	-37.1666	1.900350444
Sham	2	0.43505	100	45.4455	25.5643	1.896937961
Sham	2	0.55601	100	126.446	-28.934	2.339343751
Sham	2	0.55937	100	56.8752	-17.1458	1.751779571
Sham	2	0.52031	100	131.7122	5.906	2.57529845
Sham	2	0.5866	100	79.48	18.3911	2.037358902
Sham	2	0.44473	100	176.6623	-25.4774	2.062929835
Sham	2	0.6648	100	54.7927	38.9	2.243588505
Sham	2	0.69363	100	0.4317	0.1154	1.729829181
Sham	2	0.59788	100	13.6957	-42.0417	2.680131376
Sham	2	0.42914	100	65.5161	41.3345	2.32559376
Sham	2	0.71603	100	135.8377	-12.1679	2.040191164
Sham	4	0.57278	100	167.232	10.8439	3.306893371
Sham	4	0.74615	100	121.2543	-23.1299	2.61159162
Sham	4	0.5442	100	103.0295	-1.9535	2.641570818
Sham	4	1.06008	100	45.1824	36.3288	3.192410676
Sham	4	0.61461	100	52.2707	22.2552	2.463556
Sham	4	0.58722	100	123.4051	-44.8852	3.167855105
Sham	4	1.44562	87	49.4347	-34.7363	2.211500258
Sham	4	0.77062	100	91.7883	-24.6501	2.535452172
Sham	4	0.43515	100	177.2073	-50.8356	2.852084315
Sham	4	0.64895	100	35.2501	-9.2361	2.78442669
Sham	4	0.79957	100	12.4878	37.9953	3.503600088
Sham	4	0.69642	100	177.576	33.9	2.60792266
Sham	4	0.51612	100	27.2245	-48.6408	2.26132952
Sham	4	0.42794	100	95.0859	31.4046	3.127612658
Sham	4	0.53673	100	68.4899	-4.904	2.503499276
Sham	4	0.58139	100	93.0183	6.5466	3.209119905
Sham	4	0.639	100	134.061	15.0035	2.747762337
Sham	4	0.51584	100	0.5125	33.2834	2.333395224
Sham	4	0.54917	100	76.6796	-52.7447	3.002527584
Sham	4	0.58071	100	104.9577	30.8587	2.692618692
Sham	4	0.61065	100	28.4271	-15.0761	3.322148588
Sham	4	1.35601	90	32.364	9.1117	2.548880803
Sham	4	0.60879	100	20.1655	-10.1833	1.967819962
Sham	4	0.52229	100	175.4271	-2.3135	3.098554503
Sham	4	0.782076923	100	21.259	-9.8501	2.486285587
Sham	8	0.584538462	100	46.1868	7.6423	4.267123724
Sham	8	0.844246154	100	34.3757	-8.5545	3.672788562
Sham	8	0.827630769	100	22.4501	-32.3685	3.397359091
Sham	8	0.708615385	100	21.5531	26.1698	3.184326274
Sham	8	0.779123077	100	48.9718	29.436	2.766688219
Sham	8	0.708607692	100	122.926	5.09	4.190291215
Sham	8	0.640792308	100	114.4026	6.2287	4.296655717
Sham	8	0.817392308	100	166.6285	14.7063	5.03747704
Sham	8	0.880653846	100	152.7886	-18.3207	3.53299962
Sham	8	1.7523	83	176.1453	8.8442	3.801575139
Sham	8	0.726676923	100	98.3623	-4.7463	3.75980424
Sham	8	0.649069231	100	68.6296	-3.4895	4.829350263
Sham	8	0.772161538	100	57.3806	-14.2936	4.86554739
Sham	8	0.594115385	100	154.6089	-16.7591	3.231291883
Sham	8	0.950392308	95	62.4391	4.3735	4.417345984
Sham	8	0.474061538	100	72.7616	13.5623	3.275195859
Sham	8	0.696530769	100	129.1727	-12.2995	5.369169689
Sham	8	0.634207692	100	158.4551	33.8058	4.407748296
Sham	8	0.710846154	100	47.3389	26.2027	3.970771632
Sham	8	0.726923077	100	104.286	-12.9117	4.558703535
Sham	8	0.786176923	100	13.9269	-28.9844	3.234961725
Sham	8	0.743846154	100	26.6664	-30.1945	3.801309408
Sham	8	0.110446154	100	63.1979	-29.1439	3.731171766
Sham	8	1.042830769	92	137.1869	-6.531	2.588873824
Sham	8	1.3123	94	112.257	-3.871	2.659711629
